窗口大小：288x512
第一副图：0,0,288,512
第二副图：293,0,288,512
开始按钮：708,236,104,58
分数排名：828,236,104,58
FlappyBird：702,182,178,48
Get Ready：590,118,184,50
Game Over：790,118,192,42
地面：584,0,336,111
准备：584,182,114,98
黄鸟1：1032,464,34,24
黄鸟2：1088,464,34,24
黄鸟3：1144,464,34,24
(c) .GAROS 2013：886,184,122,10
第一根绿柱子：1138,128,52,320
第二要绿柱子：1194,128,52,320
白牌：1268,0,44,41
金牌：1268,46,44,44
银牌：1250,388,44,44
铜牌：1250,436,44,44
奖牌在最终得分的位置：27,42
最终得分：1032,0,226,115
大数字0：992,120,24,36
大数字1：1298,392,15,36
大数字2：584,320,24,36
大数字3：612,320,24,36
大数字4：640,320,24,36
大数字5：668,320,24,36
大数字6：584,368,24,36
大数字7：612,368,24,36
大数字8：640,368,24,36
大数字9：668,368,24,36